0 0.814901 0.970682 0.156463 0.058636
0 0.130534 0.902099 0.238475 0.195802
0 0.234658 0.748373 0.148900 0.153718
0 0.285596 0.592219 0.109720 0.129445
0 0.476032 0.402706 0.125301 0.215907
0 0.360218 0.279145 0.092220 0.186237
0 0.377324 0.203973 0.093382 0.141799
0 0.467412 0.234573 0.067873 0.087436
0 0.640373 0.529445 0.092158 0.099100
0 0.318216 0.384220 0.121763 0.222114
0 0.611048 0.482751 0.066701 0.062654
0 0.488750 0.626664 0.117562 0.105502
0 0.456094 0.740765 0.117562 0.138891
0 0.686867 0.712796 0.124398 0.100255
0 0.732765 0.769115 0.132127 0.147226
0 0.779305 0.308988 0.057095 0.067961
0 0.878377 0.364828 0.080591 0.108426
0 0.823506 0.259648 0.069378 0.111649
0 0.767541 0.244235 0.064917 0.090540
0 0.721618 0.296057 0.055934 0.058261
0 0.899658 0.284715 0.051494 0.077676
0 0.676286 0.289580 0.034730 0.051784
0 0.962915 0.278246 0.072780 0.181229
0 0.981738 0.321934 0.036525 0.187706
0 0.783221 0.177931 0.035820 0.048546
0 0.824087 0.169025 0.039191 0.056642
0 0.901338 0.220000 0.043672 0.048546
0 0.534113 0.197346 0.052624 0.090615
0 0.479808 0.152841 0.047023 0.066342
0 0.388008 0.115630 0.062697 0.066342
